0 151 183
1 140 182
2 6 55 63 113 66
3 36 105 111
4 91 129
5 109
6 2 55 113
7 34 9 187 52 157
8
9 34 98 44 59 7
10 32 142 65 119 169
11 69
12 18 70 92
13 43 20 102 116 126 153 199 104
14 186 27 136
15 141
16 87 120 149
17 121 134 40 130
18 12 70 92
19 172 28
20 43 13 102 116 126 153 199
21 109
22 74 106 47 101
23 85 94 100 115 180 29 163
24 193 152 165 166
25
26 118 184 73
27 90 136 14
28 101 172 19
29 23 85 94 100 115 132 149 163
30 123 117
31 147 46 68 127 197
32 142 10 65 128
33 35 78 168
34 98 9 7
35 176 78 33
36 128 3 105 111
37
38 83
39 96 161 44 59
40 134 17 179
41 82
42
43 13 20 102 116 126 153 199 104
44 39 9 59
45 158 131 174
46 147 31 68 127 197
47 135 74 106 22 101
48 146 164 75 80
49 68 197 97 196 173
50 160
51 71 114
52 7 157 147
53 135 165 74 106
54 143 173 72
55 125 6 2 63 113
56 180
57 88 146 164
58 179 198
59 39 9 44
60 192 77
61 130 181 191
62 143 72 171 188
63 2 55 113 64
64 63 108
65 32 10 119 169 105
66 2 140 93
67 96 145
68 46 31 49 127 197 196
69 11 154 195
70 79 12 18 92
71 51 86
72 54 143 173 171 188 62
73 26 161
74 53 135 165 106 164 22 47
75 106 48
76 99 167
77 60
78 35 33
79 70
80 146 164 48
81 148
82 41
83 38
84 189 194 133
85 23 94 100 115 180 29 163
86 71
87 16
88 57 104 146 164
89
90 27
91 178 4 125 129 177
92 111 12 18 70
93 140 66
94 23 85 100 115 180 29 163
95 175 185
96 39 161 67
97 49 197 196
98 34 9
99 76 101
100 23 85 94 115 29 149 163
101 99 22 47 28
102 43 13 20 116 126 153 199 104
103 150 198
104 43 187 13 102 116 199 88
105 65 119 169 3 36 111
106 53 135 74 164 75 22 47
107 156 139
108 64
109 5 21
110 190
111 3 36 105 92
112
113 6 2 55 63
114 51
115 23 85 94 100 180 29 163
116 43 13 20 102 126 153 199 104
117 30 188
118 156 184 26
119 10 65 169 105
120 131 16
121 174 134 17
122 160
123 151 30
124 176 161
125 91 129 55
126 43 13 20 102 116 153
127 147 46 31 68 197
128 32 36
129 178 4 91 125
130 17 61 181
131 158 45 174 120
132 29 149 163
133 142 84
134 121 17 40
135 53 165 74 106 47
136 186 27 14
137 144 178
138 139
139 107 138
140 1 182 66 93
141 15
142 32 10 133
143 54 173 72 62
144 137 178
145 67 155
146 57 88 164 48 80
147 52 157 46 31 127
148 81
149 100 16 29 132 163
150 198 103
151 0 123
152 193 24 166
153 43 13 20 102 116 126
154 69
155 145
156 175 107 118 184
157 7 52 147
158 45 131
159 192
160 50 122
161 73 124 176 39 96
162 170
163 23 85 94 100 115 29 132 149
164 57 88 146 74 106 48 80
165 24 53 135 74
166 193 24 152
167 76
168 33
169 10 65 119 105
170 162
171 72 188 62
172 19 28
173 49 54 143 72
174 45 131 121
175 95 156
176 124 35 161
177 178 91
178 137 144 91 129 177
179 40 58
180 23 85 94 115 56
181 61 130
182 1 140
183 190 0
184 185 118 156 26
185 95 184
186 136 14
187 7 104
188 72 171 117 62
189 84 194
190 110 183
191 61
192 60 159
193 24 152 166
194 84 189
195 69
196 49 68 197 97
197 46 31 49 68 127 97 196
198 58 150 103
199 43 13 20 102 116 104
